%YAML:1.0
xarm_lite6:
  # 機器人採樣軌跡，笛卡爾座標 [x,y,z,rx,ry,rz]，旋轉角度單位為弧度
  sampleTrajectory:
    - [0.357, -0.580, 0.500, -3.1416,  0.0000, 0.7854]
    - [0.615, -0.520, 0.145, -2.6180,  0.5236, 1.0472]
    - [0.535, -0.600, 0.120, -2.6180,  0.0000, 0.7854]
    - [0.450, -0.660, 0.110, -2.6180, -0.5236, 0.5236]
    - [0.415, -0.610, 0.150, -3.1416, -0.5236, 0.7854]
    - [0.360, -0.570, 0.165,  2.6180, -0.5236, 1.0472]
    - [0.415, -0.480, 0.190,  2.6180,  0.0000, 0.7854]
    - [0.505, -0.400, 0.205,  2.6180,  0.5236, 0.5236]
    - [0.555, -0.470, 0.195, -3.1416,  0.5236, 0.7854]
    - [0.580, -0.520, 0.225, -2.8798,  0.2618, 1.0472]
    - [0.505, -0.570, 0.140, -2.8798,  0.0000, 0.7854]
    - [0.445, -0.625, 0.185, -2.8798, -0.2618, 0.5236]
    - [0.450, -0.575, 0.150, -3.1416, -0.2618, 0.7854]
    - [0.420, -0.560, 0.210,  2.8798, -0.2618, 1.0472]
    - [0.450, -0.515, 0.190,  2.8798,  0.0000, 0.7854]
    - [0.485, -0.465, 0.250,  2.8798,  0.2618, 0.5236]
    - [0.515, -0.510, 0.195, -3.1416,  0.2618, 0.7854]
    - [0.385, -0.500, 0.220, -3.1416,  0.0000,-0.7854]
    - [0.480, -0.545, 0.150, -3.1416,  0.0000, 0.7854]
    - [0.530, -0.450, 0.220, -3.1416,  0.0000, 2.3562]
    - [0.480, -0.545, 0.200, -3.1416,  0.0000, 0.7854]
    - [0.480, -0.545, 0.250, -3.1416,  0.0000, 0.7854]
    - [0.480, -0.545, 0.300, -3.1416,  0.0000, 0.7854]
    
  # 棋盤格資訊
  chessboard_info:
    pattern_width: 11  # 棋盤格內角點數量
    pattern_height: 8
    square_size: 0.02     # 棋盤格方格大小（單位：m）
