%YAML:1.0
---
error: 1.3972310571490276e-01
cameraMatrix: !!opencv-matrix
   rows: 3
   cols: 3
   dt: d
   data: [ 9.0344826870682482e+02, 0., 6.4873496524765312e+02, 0.,
       9.0367950212933818e+02, 3.8053895521312552e+02, 0., 0., 1. ]
distCoeffs: !!opencv-matrix
   rows: 1
   cols: 5
   dt: d
   data: [ 9.8519401269581031e-02, -1.0106813153660449e-01,
       -3.9155281381906502e-04, 1.8466810265638618e-03,
       -3.2963340633507909e-01 ]
handEyeRotation: !!opencv-matrix
   rows: 3
   cols: 3
   dt: d
   data: [ -2.1138204110615622e-03, -9.9995135079255981e-01,
       -9.6347190620567260e-03, 9.9989618662870983e-01,
       -1.9761834172509207e-03, -1.4272724493446911e-02,
       1.4252990164671984e-02, -9.6638888257451674e-03,
       9.9985171976855103e-01 ]
handEyeTranslation: !!opencv-matrix
   rows: 3
   cols: 1
   dt: d
   data: [ 7.0260951806307688e+01, -3.2878856736624755e+01,
       -6.0e+01 ]
