%YAML:1.0
---
error: 1.3033062433677101e-01
cameraMatrix: !!opencv-matrix
   rows: 3
   cols: 3
   dt: d
   data: [ 9.0367433346225255e+02, 0., 6.4861895952463180e+02, 0.,
       9.0392697083284099e+02, 3.8059141333674557e+02, 0., 0., 1. ]
distCoeffs: !!opencv-matrix
   rows: 1
   cols: 5
   dt: d
   data: [ 9.8098109393498112e-02, -9.9017281688459399e-02,
       -3.1368051205139086e-04, 1.8238627827952718e-03,
       -3.3330330018463261e-01 ]
handEyeRotation: !!opencv-matrix
   rows: 3
   cols: 3
   dt: d
   data: [ -2.4622217756127274e-03, -9.9995319427260920e-01,
       -9.3566408466445213e-03, 9.9990092073783032e-01,
       -2.3321982154624887e-03, -1.3881986857904214e-02,
       1.3859515560326432e-02, -9.3898943279033479e-03,
       9.9985986203714750e-01 ]
handEyeTranslation: !!opencv-matrix
   rows: 3
   cols: 1
   dt: d
   data: [ 7.0256227015845553e+01, -3.3004768858705361e+01,
       2.9801709161527896e+01 ]
