%YAML:1.0
---
error: 1.4691806950120476e-01
cameraMatrix: !!opencv-matrix
   rows: 3
   cols: 3
   dt: d
   data: [ 9.0195979002512786e+02, 0., 6.4828953379558209e+02, 0.,
       9.0268376116752370e+02, 3.8126732443769498e+02, 0., 0., 1. ]
distCoeffs: !!opencv-matrix
   rows: 1
   cols: 5
   dt: d
   data: [ 9.9998961617193044e-02, -1.3040643511471897e-01,
       -5.5911791522010308e-04, 1.8871255374745541e-03,
       -2.3169177336546087e-01 ]
handEyeRotation: !!opencv-matrix
   rows: 3
   cols: 3
   dt: d
   data: [ 6.8533541479822491e-02, -9.9761626171872819e-01,
       8.0590350901061699e-03, 9.9756617281255400e-01,
       6.8421656307301904e-02, -1.3424150188346936e-02,
       1.2840737998545701e-02, 8.9594253451637292e-03,
       9.9987741455897328e-01 ]
handEyeTranslation: !!opencv-matrix
   rows: 3
   cols: 1
   dt: d
   data: [ 5.0133716651767152e+01, -2.9610533584816007e+01,
       4.6017602334573084e+01 ]
