%YAML:1.0
---
error: 2.8141595878871839e-01
cameraMatrix: !!opencv-matrix
   rows: 3
   cols: 3
   dt: d
   data: [ 9.0134253429273406e+02, 0., 6.4681528763256119e+02, 0.,
       9.0184072166954718e+02, 3.7906747883032853e+02, 0., 0., 1. ]
distCoeffs: !!opencv-matrix
   rows: 1
   cols: 5
   dt: d
   data: [ 1.1465969463460707e-01, -2.4344876363963611e-01,
       -4.5604310650126316e-04, 9.6314562271860877e-04,
       2.1348329202220809e-02 ]
handEyeRotation: !!opencv-matrix
   rows: 3
   cols: 3
   dt: d
   data: [ 1.6704482716440938e-01, -9.8415931573059268e-01,
       -5.9384063336085070e-02, 9.8466456438216776e-01,
       1.6345053507132512e-01, 6.0988673005511071e-02,
       -5.0316213765428074e-02, -6.8661225197261547e-02,
       9.9637037028743602e-01 ]
handEyeTranslation: !!opencv-matrix
   rows: 3
   cols: 1
   dt: d
   data: [ 1.2612269802325234e+02, -4.5300533423180340e+01,
       5.0946123096602555e+01 ]
