%YAML:1.0
---
error: 3.0203750657888123e-01
cameraMatrix: !!opencv-matrix
   rows: 3
   cols: 3
   dt: d
   data: [ 9.0648956345182580e+02, 0., 6.4777074306329121e+02, 0.,
       9.0445436537773458e+02, 3.7610411417253101e+02, 0., 0., 1. ]
distCoeffs: !!opencv-matrix
   rows: 1
   cols: 5
   dt: d
   data: [ 4.9997356854901122e-02, 3.7733963238720053e-01,
       -4.2374866295359589e-05, 1.8227678998041950e-03,
       -1.5933349109425463e+00 ]
handEyeRotation: !!opencv-matrix
   rows: 3
   cols: 3
   dt: d
   data: [ 6.1819631379793671e-01, 7.1400473345402293e-01,
       -3.2868002405362651e-01, -6.9444294690700814e-01,
       6.9201291671895593e-01, 1.9714744884282356e-01,
       3.6821503377476750e-01, 1.0637369834396590e-01,
       9.2363538542158174e-01 ]
handEyeTranslation: !!opencv-matrix
   rows: 3
   cols: 1
   dt: d
   data: [ 4.5794219956622817e+02, 6.0524407652706941e+02,
       -1.5370287560396633e+01 ]
