%YAML:1.0
---
error: 1.7566979639354935e-01
cameraMatrix: !!opencv-matrix
   rows: 3
   cols: 3
   dt: d
   data: [ 9.2645013213648463e+02, 0., 6.4858195014978219e+02, 0.,
       9.3188722395577656e+02, 3.8104719517970375e+02, 0., 0., 1. ]
distCoeffs: !!opencv-matrix
   rows: 1
   cols: 5
   dt: d
   data: [ 6.4547317200212173e-02, 2.7222598449223390e-01,
       -2.4707350662731518e-04, 1.2101274659571856e-04,
       -1.4579664133358055e+00 ]
handEyeRotation: !!opencv-matrix
   rows: 3
   cols: 3
   dt: d
   data: [ 6.8122956384082434e-01, 6.1418772818033851e-01,
       -3.9837132916653900e-01, -7.0684326273199272e-01,
       6.9346103146554094e-01, -1.3958653147470612e-01,
       1.9052265817910363e-01, 3.7667656204152461e-01,
       9.0654061372281936e-01 ]
handEyeTranslation: !!opencv-matrix
   rows: 3
   cols: 1
   dt: d
   data: [ 4.3913156400835516e+02, 1.2705972200864326e+03,
       -2.4807783101217422e+02 ]
