%YAML:1.0
---
error: 1.2679918597508008e-01
cameraMatrix: !!opencv-matrix
   rows: 3
   cols: 3
   dt: d
   data: [ 9.0373593819217342e+02, 0., 6.4811162277500262e+02, 0.,
       9.0389375713086201e+02, 3.8023589506825488e+02, 0., 0., 1. ]
distCoeffs: !!opencv-matrix
   rows: 1
   cols: 5
   dt: d
   data: [ 9.8940705229408260e-02, -1.1137181582680811e-01,
       -5.2590184927156568e-04, 1.5985079863597711e-03,
       -2.9536572588071741e-01 ]
handEyeRotation: !!opencv-matrix
   rows: 3
   cols: 3
   dt: d
   data: [ -1.9554986293066623e-03, -9.9995982627957880e-01,
       -8.7476769502084963e-03, 9.9986448495155944e-01,
       -1.8121735422538254e-03, -1.6362388566629582e-02,
       1.6345878919880534e-02, -8.7784881367570736e-03,
       9.9982786037816007e-01 ]
handEyeTranslation: !!opencv-matrix
   rows: 3
   cols: 1
   dt: d
   data: [ 7.0838367820311035e+01, -3.2485007280194552e+01,
       2.9677938264906249e+01 ]
