%YAML:1.0
---
error: 1.2778001313291215e-01
cameraMatrix: !!opencv-matrix
   rows: 3
   cols: 3
   dt: d
   data: [ 9.0382621309237709e+02, 0., 6.4821841206816885e+02, 0.,
       9.0396976240821743e+02, 3.8025112014206155e+02, 0., 0., 1. ]
distCoeffs: !!opencv-matrix
   rows: 1
   cols: 5
   dt: d
   data: [ 9.8540483155726041e-02, -1.0990968636481727e-01,
       -5.8022531488960351e-04, 1.6598772097237086e-03,
       -2.9212490617582459e-01 ]
handEyeRotation: !!opencv-matrix
   rows: 3
   cols: 3
   dt: d
   data: [ -2.0198367919164184e-03, -9.9995648527179970e-01,
       -9.1075695003137603e-03, 9.9985005395698034e-01,
       -1.8628167252778827e-03, -1.7216257318924118e-02,
       1.7198542425374445e-02, -9.1409778862575255e-03,
       9.9981030833939943e-01 ]
handEyeTranslation: !!opencv-matrix
   rows: 3
   cols: 1
   dt: d
   data: [ 7.0722330129625291e+01, -3.2085433689110928e+01,
       2.9703031568547136e+01 ]
