%YAML:1.0
---
error: 2.1789003150316341e-01
cameraMatrix: !!opencv-matrix
   rows: 3
   cols: 3
   dt: d
   data: [ 9.2619355238693879e+02, 0., 6.4729508872209874e+02, 0.,
       9.2532914782729279e+02, 3.6847878777903236e+02, 0., 0., 1. ]
distCoeffs: !!opencv-matrix
   rows: 1
   cols: 5
   dt: d
   data: [ 6.8304247032469734e-02, 2.5071108249959739e-01,
       -1.1033156179799696e-03, 8.8955015807527294e-04,
       -1.4565658768712948e+00 ]
handEyeRotation: !!opencv-matrix
   rows: 3
   cols: 3
   dt: d
   data: [ 5.5536645674032248e-01, 7.6167470664948100e-01,
       -3.3379595560480768e-01, -7.5709284901988372e-01,
       6.2915453838275015e-01, 1.7599711587223310e-01,
       3.4406179196570957e-01, 1.5497163638168043e-01,
       9.2606980040736087e-01 ]
handEyeTranslation: !!opencv-matrix
   rows: 3
   cols: 1
   dt: d
   data: [ 5.5169191329415378e+02, 7.1895802525042757e+02,
       -1.1164864712222084e+02 ]
