%YAML:1.0
---
error: 2.8228670622845242e-01
cameraMatrix: !!opencv-matrix
   rows: 3
   cols: 3
   dt: d
   data: [ 8.9874490940386795e+02, 0., 6.4763612830305317e+02, 0.,
       8.9959926217968632e+02, 3.8078073316461450e+02, 0., 0., 1. ]
distCoeffs: !!opencv-matrix
   rows: 1
   cols: 5
   dt: d
   data: [ 1.1664212147501704e-01, -2.6980435351897053e-01,
       -3.8907216408584248e-04, 1.4661343977046030e-03,
       9.3861694549504465e-02 ]
handEyeRotation: !!opencv-matrix
   rows: 3
   cols: 3
   dt: d
   data: [ 1.6975665252759231e-01, -9.8366413854059775e-01, -5.9896088952535273e-02, 
   9.8405754882302443e-01, 1.6592595713608926e-01, 6.4025911574093389e-02,
       -5.3041677264649298e-02, -6.9810022902563426e-02, 9.9614915608823174e-01 ]
handEyeTranslation: !!opencv-matrix
   rows: 3
   cols: 1
   dt: d
   data: [ 1.2311344191898935e+02, -4.6503070373902773e+01,
       5.6209177423117836e+01 ]
