%YAML:1.0
---
error: 2.8597341764746043e-01
cameraMatrix: !!opencv-matrix
   rows: 3
   cols: 3
   dt: d
   data: [ 9.3693413744312568e+02, 0., 6.4598799234759758e+02, 0.,
       9.3663795890730228e+02, 3.6208301839159788e+02, 0., 0., 1. ]
distCoeffs: !!opencv-matrix
   rows: 1
   cols: 5
   dt: d
   data: [ 6.6934372389728075e-02, 2.7121342167818646e-01,
       -1.4511081544657089e-03, -3.1097159883019436e-04,
       -1.4936335688761486e+00 ]
handEyeRotation: !!opencv-matrix
   rows: 3
   cols: 3
   dt: d
   data: [ 9.9959103274727013e-01, 2.6978859769822942e-02,
       -9.4820027824426972e-03, -2.7470513721367766e-02,
       9.9803894639131552e-01, -5.6246176421130237e-02,
       7.9459503604142369e-03, 5.6483649064423866e-02,
       9.9837190428278610e-01 ]
handEyeTranslation: !!opencv-matrix
   rows: 3
   cols: 1
   dt: d
   data: [ 2.5880672560758074e+02, 6.6628438068800079e+01,
       1.7244051431051997e+02 ]
