%YAML:1.0
---
error: 2.2729893148621672e-01
cameraMatrix: !!opencv-matrix
   rows: 3
   cols: 3
   dt: d
   data: [ 9.0251364219518507e+02, 0., 6.4640276560954180e+02, 0.,
       9.0232063609246359e+02, 3.7798822882792649e+02, 0., 0., 1. ]
distCoeffs: !!opencv-matrix
   rows: 1
   cols: 5
   dt: d
   data: [ 1.1104905335587988e-01, -2.1442172619719774e-01,
       -5.5046839192087870e-04, 7.2240095919484833e-04,
       -4.5846948010192012e-02 ]
handEyeRotation: !!opencv-matrix
   rows: 3
   cols: 3
   dt: d
   data: [ 1.4847046536177078e-01, -9.8784223069512822e-01,
       -4.6089566829515774e-02, 9.8770404318435467e-01,
       1.4581975747088549e-01, 5.6367733752657904e-02,
       -4.8961658392436491e-02, -5.3891795167773759e-02,
       9.9734569253647321e-01 ]
handEyeTranslation: !!opencv-matrix
   rows: 3
   cols: 1
   dt: d
   data: [ 1.2016242624874226e+02, -4.3622073995917496e+01,
       5.3655677994769761e+01 ]
