%YAML:1.0
---
error: 2.6191380356060417e-01
cameraMatrix: !!opencv-matrix
   rows: 3
   cols: 3
   dt: d
   data: [ 9.0125816005796059e+02, 0., 6.4757574626090275e+02, 0.,
       9.0125166451163784e+02, 3.7913743888575380e+02, 0., 0., 1. ]
distCoeffs: !!opencv-matrix
   rows: 1
   cols: 5
   dt: d
   data: [ 1.0733543420105501e-01, -1.8674696848353040e-01,
       -7.0120062486225354e-04, 1.3383913853219074e-03,
       -9.3517621202089049e-02 ]
handEyeRotation: !!opencv-matrix
   rows: 3
   cols: 3
   dt: d
   data: [ 1.5538335589102759e-01, -9.8686596606982047e-01,
       -4.4176664938882726e-02, 9.8645130885920063e-01,
       1.5262494911548607e-01, 6.0161783197187603e-02,
       -5.2629155056986773e-02, -5.2926268719562672e-02,
       9.9721060068443523e-01 ]
handEyeTranslation: !!opencv-matrix
   rows: 3
   cols: 1
   dt: d
   data: [ 1.1181755073367236e+02, -4.5057479330771841e+01,
       5.7436846537341758e+01 ]
