%YAML:1.0
---
error: 2.9888430739673710e-01
cameraMatrix: !!opencv-matrix
   rows: 3
   cols: 3
   dt: d
   data: [ 9.3604087718172184e+02, 0., 6.5043618573028448e+02, 0.,
       9.3635939392111766e+02, 3.6623519689685349e+02, 0., 0., 1. ]
distCoeffs: !!opencv-matrix
   rows: 1
   cols: 5
   dt: d
   data: [ 3.1446026753586362e-02, 6.9779527570401079e-01,
       -6.2336667150606818e-04, 1.5998808813428296e-03,
       -2.9182737093882980e+00 ]
handEyeRotation: !!opencv-matrix
   rows: 3
   cols: 3
   dt: d
   data: [ 9.7892168477606667e-01, 1.8218979252403272e-01,
       -9.2299591414247636e-02, -1.7575779753475598e-01,
       9.8167445902786543e-01, 7.3650886607558405e-02,
       1.0402659122031670e-01, -5.5876077102796087e-02,
       9.9300369200053007e-01 ]
handEyeTranslation: !!opencv-matrix
   rows: 3
   cols: 1
   dt: d
   data: [ 2.9431956950274053e+02, 2.4056614028830843e+01,
       2.3479673621439736e+02 ]
