%YAML:1.0
---
error: 2.2236628197015390e-01
cameraMatrix: !!opencv-matrix
   rows: 3
   cols: 3
   dt: d
   data: [ 9.0137628383840809e+02, 0., 6.4804619348212407e+02, 0.,
       9.0124040078058829e+02, 3.7845776773291175e+02, 0., 0., 1. ]
distCoeffs: !!opencv-matrix
   rows: 1
   cols: 5
   dt: d
   data: [ 1.1211311253566249e-01, -2.1284211809174025e-01,
       -2.4038890072449479e-04, 9.3247536324820267e-04,
       -5.3407745044394155e-02 ]
handEyeRotation: !!opencv-matrix
   rows: 3
   cols: 3
   dt: d
   data: [ 1.6130247976010736e-01, -9.8596802841677333e-01,
       -4.2994848100448811e-02, 9.8573052118922155e-01,
       1.5883277237188442e-01, 5.5744865384057075e-02,
       -4.8133664095574867e-02, -5.1373119046848596e-02,
       9.9751889857793297e-01 ]
handEyeTranslation: !!opencv-matrix
   rows: 3
   cols: 1
   dt: d
   data: [ 1.2737192639993464e+02, -4.4872017644908041e+01,
       5.7901081559984398e+01 ]
