%YAML:1.0
---
error: 2.6807119959848735e-01
cameraMatrix: !!opencv-matrix
   rows: 3
   cols: 3
   dt: d
   data: [ 9.0233257935717745e+02, 0., 6.4708330384261376e+02, 0.,
       9.0232764384528969e+02, 3.7904976792830314e+02, 0., 0., 1. ]
distCoeffs: !!opencv-matrix
   rows: 1
   cols: 5
   dt: d
   data: [ 1.1530747956489358e-01, -2.4520503279192196e-01,
       -5.6928137761914259e-04, 1.3807035070132715e-03,
       2.5018366843885087e-02 ]
handEyeRotation: !!opencv-matrix
   rows: 3
   cols: 3
   dt: d
   data: [ 5.9733657864203227e-01, -7.7660616908941926e-01,
       -2.0017959423599466e-01, 2.0898901763977434e-01,
       3.9171140587187836e-01, -8.9603893052469474e-01,
       7.7428199147480714e-01, 4.9340149233877761e-01,
       3.9628571136955448e-01 ]
handEyeTranslation: !!opencv-matrix
   rows: 3
   cols: 1
   dt: d
   data: [ -9.3620908415265660e+01, 2.7977581470780973e+02,
       2.7892339951779707e+02 ]
