%YAML:1.0
---
error: 2.5704369870971899e-01
cameraMatrix: !!opencv-matrix
   rows: 3
   cols: 3
   dt: d
   data: [ 8.9761017512499484e+02, 0., 6.4673557363598809e+02, 0.,
       8.9844366773696333e+02, 3.8126922702060523e+02, 0., 0., 1. ]
distCoeffs: !!opencv-matrix
   rows: 1
   cols: 5
   dt: d
   data: [ 1.0338579970434272e-01, -1.5706137516168880e-01,
       -2.6555476720854630e-04, 9.1708300085957984e-04,
       -1.4611420002370817e-01 ]
handEyeRotation: !!opencv-matrix
   rows: 3
   cols: 3
   dt: d
   data: [ 1.8066596849537631e-01, -9.8234064783199404e-01,
       -4.8648324170993365e-02, 9.8105248114369348e-01,
       1.7646884487853975e-01, 7.9967343516193598e-02,
       -6.9970258463369281e-02, -6.2173936695791326e-02,
       9.9560964465312274e-01 ]
handEyeTranslation: !!opencv-matrix
   rows: 3
   cols: 1
   dt: d
   data: [ 1.1476248101112598e+02, -5.3055410735604106e+01,
       6.2372875187936344e+01 ]
